189
64
421
758
209
179
739
429
350
495
136
327
404
378
938
210
8
358
544
765
916
787
812
96
530
680
665
896
811
508
289
851
773
606
185
855
776
820
594
424
455
415
342
816
521
710
607
541
699
0
250
87
309
191
611
21
303
20
897
498
982
988
553
291
809
444
447
567
885
333
750
137
843
290
701
59
805
75
143
688
584
793
716
482
886
859
123
398
331
726
365
905
269
737
159
823
591
305
410
837
919
997
756
307
641
296
613
683
672
245
322
528
946
540
401
121
952
216
36
19
134
54
702
762
616
779
200
201
537
862
760
524
323
797
232
568
427
734
363
932
846
651
12
920
352
381
924
996
120
34
397
218
355
127
246
237
48
546
67
909
354
985
391
713
818
573
41
880
243
522
317
437
163
717
89
377
548
425
686
24
945
995
543
967
638
112
379
738
335
356
939
10
239
139
977
666
572
316
835
642
929
603
63
928
970
653
196
370
593
592
615
311
169
501
744
590
960
443
282
450
951
428
668
927
347
791
431
448
104
108
2
795
694
687
231
848
483
542
380
47
742
943
399
948
580
868
110
815
101
1
351
586
279
6
890
719
870
803
148
640
941
456
479
409
872
558
458
953
366
244
574
505
619
156
193
808
69
525
234
696
660
785
576
802
538
23
346
649
854
408
551
549
861
406
753
873
504
99
205
274
197
100
340
516
39
273
720
984
469
684
627
512
477
949
654
957
240
106
470
617
348
472
277
171
361
150
821
167
373
725
467
184
511
489
5
838
308
258
194
376
866
385
670
86
490
226
569
827
266
221
83
295
129
176
801
703
605
980
203
781
937
624
736
690
359
658
207
693
675
800
958
68
186
157
73
595
257
531
509
188
639
853
235
414
383
786
233
513
648
138
299
219
707
190
918
743
602
942
476
412
473
933
529
42
454
468
856
964
709
386
829
646
515
814
38
242
206
321
81
527
825
625
174
222
46
264
552
485
260
894
986
609
936
992
631
535
950
441
230
384
669
402
198
842
453
506
259
874
217
270
320
116
582
390
917
325
80
741
520
241
771
449
695
286
214
561
926
35
122
865
97
585
876
49
31
794
155
3
4
7
9
11
13
14
15
16
17
18
22
25
26
27
28
29
30
32
33
37
40
43
44
45
50
51
52
53
55
56
57
58
60
61
62
65
66
70
71
72
74
76
77
78
79
82
84
85
88
90
91
92
93
94
95
98
102
103
105
107
109
111
113
114
115
117
118
119
124
125
126
128
130
131
132
133
135
140
141
142
144
145
146
147
149
151
152
153
154
158
160
161
162
164
165
166
168
170
172
173
175
177
178
180
181
182
183
187
192
195
199
202
204
208
211
212
213
215
220
223
224
225
227
228
229
236
238
247
248
249
251
252
253
254
255
256
261
262
263
265
267
268
271
272
275
276
278
280
281
283
284
285
287
288
292
293
294
297
298
300
301
302
304
306
310
312
313
314
315
318
319
324
326
328
329
330
332
334
336
337
338
339
341
343
344
345
349
353
357
360
362
364
367
368
369
371
372
374
375
382
387
388
389
392
393
394
395
396
400
403
405
407
411
413
416
417
418
419
420
422
423
426
430
432
433
434
435
436
438
439
440
442
445
446
451
452
457
459
460
461
462
463
464
465
466
471
474
475
478
480
481
484
486
487
488
491
492
493
494
496
497
499
500
502
503
507
510
514
517
518
519
523
526
532
533
534
536
539
545
547
550
554
555
556
557
559
560
562
563
564
565
566
570
571
575
577
578
579
581
583
587
588
589
596
597
598
599
600
601
604
608
610
612
614
618
620
621
622
623
626
628
629
630
632
633
634
635
636
637
643
644
645
647
650
652
655
656
657
659
661
662
663
664
667
671
673
674
676
677
678
679
681
682
685
689
691
692
697
698
700
704
705
706
708
711
712
714
715
718
721
722
723
724
727
728
729
730
731
732
733
735
740
745
746
747
748
749
751
752
754
755
757
759
761
763
764
766
767
768
769
770
772
774
775
777
778
780
782
783
784
788
789
790
792
796
798
799
804
806
807
810
813
817
819
822
824
826
828
830
831
832
833
834
836
839
840
841
844
845
847
849
850
852
857
858
860
863
864
867
869
871
875
877
878
879
881
882
883
884
887
888
889
891
892
893
895
898
899
900
901
902
903
904
906
907
908
910
911
912
913
914
915
921
922
923
925
930
931
934
935
940
944
947
954
955
956
959
961
962
963
965
966
968
969
971
972
973
974
975
976
978
979
981
983
987
989
990
991
993
994
998
999
