561
1684
390
1959
2235
1987
580
577
1645
1479
1009
109
1448
1716
2659
168
972
2530
1984
68
351
1383
14
1676
1893
1586
75
2289
1528
2390
1105
1790
1557
534
45
1811
1261
385
1028
2246
2923
396
1752
969
2926
1160
2178
1762
1865
1226
2968
2509
2951
2273
1917
1068
2965
1227
2941
2323
713
2284
913
2780
99
25
2692
319
404
1562
2420
2245
1240
2358
1062
90
998
1438
1924
1948
2623
2065
1154
2408
405
2437
1666
1098
316
2295
2112
2331
2161
2727
1027
722
2396
1446
873
2393
1892
212
2093
447
2090
5
2879
209
1898
2075
2557
2315
1596
749
217
2382
1844
1929
1298
737
2786
2444
1919
2010
2102
2962
1356
282
2487
2798
695
1443
1812
2868
2891
2699
2981
1471
2081
1889
200
819
686
2243
1874
16
738
101
568
1490
63
805
870
94
1776
1343
2662
2202
255
1723
344
884
2302
671
1721
897
318
766
1141
2169
1338
2387
1979
1792
1935
836
2980
1767
1648
192
2513
1324
717
2997
2205
2973
2506
214
2049
238
2122
1468
1424
2034
1654
2690
254
2898
2000
2743
633
1517
1096
394
18
266
796
944
1312
898
1516
430
387
2051
1587
844
207
2821
2525
2901
992
1500
2467
33
501
1994
342
1377
2466
2658
1508
1748
1506
397
106
789
479
843
1695
2216
2280
1665
497
357
807
141
2223
2287
967
1481
1996
1337
221
1166
957
1268
990
2776
865
2816
2492
772
2104
2943
1071
2667
1026
2469
1007
1043
2319
570
2380
1759
1370
2886
43
1805
484
2917
2196
2610
2054
1354
1672
2103
1229
2911
1335
812
1904
735
2763
2516
1913
2204
152
1541
2379
806
73
2139
2405
1230
1136
175
731
40
2294
679
621
413
2822
1733
622
518
360
2236
2362
529
1094
164
2451
612
1340
2874
600
1390
788
1054
1558
1804
1605
762
1993
1768
1673
2228
1304
1133
326
2621
625
1279
222
2192
2561
420
2788
1176
329
662
108
664
1571
2222
2259
2992
2559
1381
2967
842
516
2533
2847
308
2473
746
1416
1911
417
267
2581
603
1266
1973
2013
1601
433
120
2489
2288
2225
1650
438
1024
2327
1877
0
2465
955
744
1461
392
837
27
2447
2804
576
2841
506
2795
391
1722
916
804
2811
1998
942
939
290
184
272
2555
2806
1863
2519
930
2232
2449
1991
2463
1778
1946
1858
1660
1205
530
782
2060
1611
199
269
1853
2663
2603
2298
276
2860
655
1331
1091
1683
2044
1620
925
482
2158
1211
174
1311
1876
263
1630
1280
2229
2033
507
2023
918
119
799
304
2316
84
781
2016
1459
2986
922
2523
256
67
204
2045
1199
177
895
227
800
1156
2351
229
2904
1916
779
1685
1021
2697
1886
2428
473
2726
1171
1445
2479
1011
72
2974
2751
1404
1549
663
1003
2394
2835
678
609
631
1847
57
1372
1573
1420
1810
233
2133
2549
2741
2076
2887
1050
2398
828
2328
2281
2809
1697
142
1064
383
589
635
2
1745
2552
407
2512
147
973
607
299
1501
2366
492
336
480
2674
2896
167
340
888
196
2515
2242
2832
2709
2756
599
1180
689
414
2932
1058
123
2591
1717
681
1345
2747
1598
2468
623
198
1197
2902
2496
1400
58
2050
859
601
2424
1089
2878
2605
2829
2999
1146
1629
193
2541
2536
1441
2724
2094
2244
1357
2600
260
323
490
369
1380
93
487
929
2317
1034
1497
2989
150
970
1715
1643
2762
1703
2363
1533
2624
1839
324
2135
2455
983
2100
2009
1114
216
1403
345
1100
1818
1493
2710
2643
2283
2725
408
4
2507
2770
2475
1066
1978
1799
300
732
253
2190
2862
538
1890
2392
1168
2681
743
2988
1687
1833
818
2047
1074
2354
350
22
1234
1970
1
1339
940
1342
910
1128
1709
1371
1437
894
1193
1012
136
1139
268
1655
495
2740
2654
1775
2189
2291
476
2772
684
2209
356
539
2278
2630
2824
2457
879
2193
592
1167
1410
1560
312
66
2802
775
1718
521
24
2683
2757
2611
48
862
2840
724
2233
91
2175
12
531
849
259
1025
203
551
1753
443
317
112
2629
2945
1599
629
2618
314
2952
1932
2910
280
1828
1485
1934
2091
2022
1617
388
522
1348
1254
1920
544
653
667
1132
1783
1807
494
2238
2814
50
1127
2982
284
2716
1878
2580
1322
581
2853
1669
1492
1288
2622
160
1320
2517
2584
2064
563
2015
245
994
224
1903
867
614
1386
2785
863
265
2686
2731
1651
226
1111
2369
838
2848
1576
2293
1358
1503
1538
1856
373
429
264
31
2378
445
2977
1527
19
2738
2819
2826
2567
395
630
1914
2903
2907
1674
2830
850
2612
2745
2349
2524
891
2876
1713
2707
1957
878
1482
1537
1046
1131
2341
619
1746
2890
637
2755
2357
2845
885
1232
1940
1609
400
2565
85
1883
2531
2148
1465
1225
455
1577
523
2445
1359
615
2651
1556
149
1701
993
1313
236
1542
2925
932
1989
1953
1407
2717
1875
616
1739
2125
1604
2614
335
564
514
1418
2231
2863
917
1161
1671
1158
243
1123
783
92
687
2313
1806
1314
218
906
2665
2144
2270
2004
173
159
2256
2793
2083
1316
1084
1070
2719
2127
571
2615
2721
1820
1464
2592
526
1615
517
904
1264
1379
1309
1661
976
1447
86
2728
211
452
2226
2214
945
963
866
1631
2854
1277
2458
113
1961
1607
2441
1714
2136
1797
1196
1183
2505
646
747
349
248
1191
965
2708
2249
474
1677
437
1600
1726
813
2520
1252
2919
1955
1789
2599
2306
1801
1484
958
2528
2961
1076
550
2353
2906
1593
298
770
1233
365
374
2471
363
700
1699
926
639
952
76
756
1990
423
2666
1246
2435
250
2321
877
769
460
554
2975
1614
688
2568
2752
1787
1214
2012
1435
301
2210
1052
1301
2872
1854
1980
2641
2573
1083
2263
2181
293
47
1351
1434
1387
2324
2220
201
2266
1272
2529
1616
2478
848
2057
2101
1307
602
2110
2865
975
1477
2715
1795
2732
1770
1402
2909
138
1243
1498
2805
1769
1545
1295
502
829
1346
2415
1113
668
2535
758
851
234
1514
1692
583
999
1092
2671
694
2815
195
642
1798
2427
2438
458
1414
1487
1109
352
1638
470
384
2758
558
1755
2431
1781
1336
1475
2859
797
2383
2018
2620
2718
2948
213
2796
1546
139
1055
1708
1020
2864
2970
15
2460
1218
691
508
1563
588
627
1808
728
2442
2308
2253
2955
1453
239
1845
652
716
545
1574
1568
283
1467
2418
1840
2498
903
1534
292
674
1369
2258
820
1738
2035
262
2688
1444
2391
2311
839
485
1212
2546
1771
1185
624
2871
1350
2723
692
1297
2792
339
1974
2426
2155
46
2007
2661
103
2652
2880
670
1851
1469
1772
121
703
134
2598
2164
557
1436
2749
1712
1729
1285
1352
1116
1928
1559
1245
128
2182
2705
2146
2782
2335
1633
2858
362
2820
2996
2908
1179
1126
446
1099
648
1927
235
1278
2348
1317
511
240
2167
1250
1901
1960
1000
2587
1852
1814
70
2765
2993
1104
1206
2675
2779
1561
1570
2421
1866
1728
1078
1208
1051
1216
628
1836
1526
432
1427
1263
701
1341
436
95
2350
1138
712
1415
393
2404
2477
1504
333
1656
2241
2677
1426
2585
2114
2153
2668
654
2915
1505
1535
1253
1843
2342
309
2889
1507
677
372
2268
1219
949
845
2206
2554
1289
1412
1364
2837
2025
1779
281
645
2577
868
613
1135
2400
1374
2861
1181
2265
135
354
1690
1579
1242
2636
124
2946
2264
2842
2490
2684
2117
2563
1327
368
1194
1725
2894
2001
114
872
1612
110
2257
2656
457
450
1189
469
185
634
2493
2188
1177
1119
23
2325
2318
915
1926
1983
696
1584
402
406
1061
2368
2527
258
1634
875
2810
1742
2343
1326
1757
1018
2132
146
740
1036
1531
711
332
1862
2575
2984
1039
504
1777
2046
1602
1396
2367
2712
399
1647
1107
2472
60
1594
1222
2037
1632
2645
823
2685
1255
1422
2542
1625
961
547
2682
582
964
1073
2211
1522
1644
273
1968
1910
1981
2024
2808
2212
938
409
2061
741
2251
2128
1175
2185
1747
1831
415
1425
995
2248
1567
2116
2194
941
2957
1044
64
1786
111
1908
1170
520
431
1826
422
1536
2453
1455
1986
2647
871
1399
1385
2200
2958
821
1664
61
1190
661
1548
693
315
2689
1627
1035
53
1525
986
151
1318
2250
2617
933
966
2706
827
346
512
1835
2152
2297
434
1310
2048
3
6
7
8
9
10
11
13
17
20
21
26
28
29
30
32
34
35
36
37
38
39
41
42
44
49
51
52
54
55
56
59
62
65
69
71
74
77
78
79
80
81
82
83
87
88
89
96
97
98
100
102
104
105
107
115
116
117
118
122
125
126
127
129
130
131
132
133
137
140
143
144
145
148
153
154
155
156
157
158
161
162
163
165
166
169
170
171
172
176
178
179
180
181
182
183
186
187
188
189
190
191
194
197
202
205
206
208
210
215
219
220
223
225
228
230
231
232
237
241
242
244
246
247
249
251
252
257
261
270
271
274
275
277
278
279
285
286
287
288
289
291
294
295
296
297
302
303
305
306
307
310
311
313
320
321
322
325
327
328
330
331
334
337
338
341
343
347
348
353
355
358
359
361
364
366
367
370
371
375
376
377
378
379
380
381
382
386
389
398
401
403
410
411
412
416
418
419
421
424
425
426
427
428
435
439
440
441
442
444
448
449
451
453
454
456
459
461
462
463
464
465
466
467
468
471
472
475
477
478
481
483
486
488
489
491
493
496
498
499
500
503
505
509
510
513
515
519
524
525
527
528
532
533
535
536
537
540
541
542
543
546
548
549
552
553
555
556
559
560
562
565
566
567
569
572
573
574
575
578
579
584
585
586
587
590
591
593
594
595
596
597
598
604
605
606
608
610
611
617
618
620
626
632
636
638
640
641
643
644
647
649
650
651
656
657
658
659
660
665
666
669
672
673
675
676
680
682
683
685
690
697
698
699
702
704
705
706
707
708
709
710
714
715
718
719
720
721
723
725
726
727
729
730
733
734
736
739
742
745
748
750
751
752
753
754
755
757
759
760
761
763
764
765
767
768
771
773
774
776
777
778
780
784
785
786
787
790
791
792
793
794
795
798
801
802
803
808
809
810
811
814
815
816
817
822
824
825
826
830
831
832
833
834
835
840
841
846
847
852
853
854
855
856
857
858
860
861
864
869
874
876
880
881
882
883
886
887
889
890
892
893
896
899
900
901
902
905
907
908
909
911
912
914
919
920
921
923
924
927
928
931
934
935
936
937
943
946
947
948
950
951
953
954
956
959
960
962
968
971
974
977
978
979
980
981
982
984
985
987
988
989
991
996
997
1001
1002
1004
1005
1006
1008
1010
1013
1014
1015
1016
1017
1019
1022
1023
1029
1030
1031
1032
1033
1037
1038
1040
1041
1042
1045
1047
1048
1049
1053
1056
1057
1059
1060
1063
1065
1067
1069
1072
1075
1077
1079
1080
1081
1082
1085
1086
1087
1088
1090
1093
1095
1097
1101
1102
1103
1106
1108
1110
1112
1115
1117
1118
1120
1121
1122
1124
1125
1129
1130
1134
1137
1140
1142
1143
1144
1145
1147
1148
1149
1150
1151
1152
1153
1155
1157
1159
1162
1163
1164
1165
1169
1172
1173
1174
1178
1182
1184
1186
1187
1188
1192
1195
1198
1200
1201
1202
1203
1204
1207
1209
1210
1213
1215
1217
1220
1221
1223
1224
1228
1231
1235
1236
1237
1238
1239
1241
1244
1247
1248
1249
1251
1256
1257
1258
1259
1260
1262
1265
1267
1269
1270
1271
1273
1274
1275
1276
1281
1282
1283
1284
1286
1287
1290
1291
1292
1293
1294
1296
1299
1300
1302
1303
1305
1306
1308
1315
1319
1321
1323
1325
1328
1329
1330
1332
1333
1334
1344
1347
1349
1353
1355
1360
1361
1362
1363
1365
1366
1367
1368
1373
1375
1376
1378
1382
1384
1388
1389
1391
1392
1393
1394
1395
1397
1398
1401
1405
1406
1408
1409
1411
1413
1417
1419
1421
1423
1428
1429
1430
1431
1432
1433
1439
1440
1442
1449
1450
1451
1452
1454
1456
1457
1458
1460
1462
1463
1466
1470
1472
1473
1474
1476
1478
1480
1483
1486
1488
1489
1491
1494
1495
1496
1499
1502
1509
1510
1511
1512
1513
1515
1518
1519
1520
1521
1523
1524
1529
1530
1532
1539
1540
1543
1544
1547
1550
1551
1552
1553
1554
1555
1564
1565
1566
1569
1572
1575
1578
1580
1581
1582
1583
1585
1588
1589
1590
1591
1592
1595
1597
1603
1606
1608
1610
1613
1618
1619
1621
1622
1623
1624
1626
1628
1635
1636
1637
1639
1640
1641
1642
1646
1649
1652
1653
1657
1658
1659
1662
1663
1667
1668
1670
1675
1678
1679
1680
1681
1682
1686
1688
1689
1691
1693
1694
1696
1698
1700
1702
1704
1705
1706
1707
1710
1711
1719
1720
1724
1727
1730
1731
1732
1734
1735
1736
1737
1740
1741
1743
1744
1749
1750
1751
1754
1756
1758
1760
1761
1763
1764
1765
1766
1773
1774
1780
1782
1784
1785
1788
1791
1793
1794
1796
1800
1802
1803
1809
1813
1815
1816
1817
1819
1821
1822
1823
1824
1825
1827
1829
1830
1832
1834
1837
1838
1841
1842
1846
1848
1849
1850
1855
1857
1859
1860
1861
1864
1867
1868
1869
1870
1871
1872
1873
1879
1880
1881
1882
1884
1885
1887
1888
1891
1894
1895
1896
1897
1899
1900
1902
1905
1906
1907
1909
1912
1915
1918
1921
1922
1923
1925
1930
1931
1933
1936
1937
1938
1939
1941
1942
1943
1944
1945
1947
1949
1950
1951
1952
1954
1956
1958
1962
1963
1964
1965
1966
1967
1969
1971
1972
1975
1976
1977
1982
1985
1988
1992
1995
1997
1999
2002
2003
2005
2006
2008
2011
2014
2017
2019
2020
2021
2026
2027
2028
2029
2030
2031
2032
2036
2038
2039
2040
2041
2042
2043
2052
2053
2055
2056
2058
2059
2062
2063
2066
2067
2068
2069
2070
2071
2072
2073
2074
2077
2078
2079
2080
2082
2084
2085
2086
2087
2088
2089
2092
2095
2096
2097
2098
2099
2105
2106
2107
2108
2109
2111
2113
2115
2118
2119
2120
2121
2123
2124
2126
2129
2130
2131
2134
2137
2138
2140
2141
2142
2143
2145
2147
2149
2150
2151
2154
2156
2157
2159
2160
2162
2163
2165
2166
2168
2170
2171
2172
2173
2174
2176
2177
2179
2180
2183
2184
2186
2187
2191
2195
2197
2198
2199
2201
2203
2207
2208
2213
2215
2217
2218
2219
2221
2224
2227
2230
2234
2237
2239
2240
2247
2252
2254
2255
2260
2261
2262
2267
2269
2271
2272
2274
2275
2276
2277
2279
2282
2285
2286
2290
2292
2296
2299
2300
2301
2303
2304
2305
2307
2309
2310
2312
2314
2320
2322
2326
2329
2330
2332
2333
2334
2336
2337
2338
2339
2340
2344
2345
2346
2347
2352
2355
2356
2359
2360
2361
2364
2365
2370
2371
2372
2373
2374
2375
2376
2377
2381
2384
2385
2386
2388
2389
2395
2397
2399
2401
2402
2403
2406
2407
2409
2410
2411
2412
2413
2414
2416
2417
2419
2422
2423
2425
2429
2430
2432
2433
2434
2436
2439
2440
2443
2446
2448
2450
2452
2454
2456
2459
2461
2462
2464
2470
2474
2476
2480
2481
2482
2483
2484
2485
2486
2488
2491
2494
2495
2497
2499
2500
2501
2502
2503
2504
2508
2510
2511
2514
2518
2521
2522
2526
2532
2534
2537
2538
2539
2540
2543
2544
2545
2547
2548
2550
2551
2553
2556
2558
2560
2562
2564
2566
2569
2570
2571
2572
2574
2576
2578
2579
2582
2583
2586
2588
2589
2590
2593
2594
2595
2596
2597
2601
2602
2604
2606
2607
2608
2609
2613
2616
2619
2625
2626
2627
2628
2631
2632
2633
2634
2635
2637
2638
2639
2640
2642
2644
2646
2648
2649
2650
2653
2655
2657
2660
2664
2669
2670
2672
2673
2676
2678
2679
2680
2687
2691
2693
2694
2695
2696
2698
2700
2701
2702
2703
2704
2711
2713
2714
2720
2722
2729
2730
2733
2734
2735
2736
2737
2739
2742
2744
2746
2748
2750
2753
2754
2759
2760
2761
2764
2766
2767
2768
2769
2771
2773
2774
2775
2777
2778
2781
2783
2784
2787
2789
2790
2791
2794
2797
2799
2800
2801
2803
2807
2812
2813
2817
2818
2823
2825
2827
2828
2831
2833
2834
2836
2838
2839
2843
2844
2846
2849
2850
2851
2852
2855
2856
2857
2866
2867
2869
2870
2873
2875
2877
2881
2882
2883
2884
2885
2888
2892
2893
2895
2897
2899
2900
2905
2912
2913
2914
2916
2918
2920
2921
2922
2924
2927
2928
2929
2930
2931
2933
2934
2935
2936
2937
2938
2939
2940
2942
2944
2947
2949
2950
2953
2954
2956
2959
2960
2963
2964
2966
2969
2971
2972
2976
2978
2979
2983
2985
2987
2990
2991
2994
2995
2998
