594
1970
1443
2543
2357
169
1714
2474
2717
2980
1792
2876
1939
1099
1006
2196
901
840
743
2362
1592
2745
311
2076
974
2910
648
877
2202
2779
2372
1156
2428
1777
1923
2296
453
2058
2950
2915
1135
1004
2894
2011
1677
174
834
2932
1682
867
235
2333
2123
164
1309
2034
1734
2820
2635
699
376
465
189
907
523
2742
742
1569
1967
1799
2426
1270
2997
1461
2990
2144
2022
2883
1652
2964
1963
1069
906
736
2681
1896
2480
103
1788
2677
861
2165
2819
1390
1854
2455
1784
1965
1326
2047
1152
425
1473
1831
486
1457
1776
314
918
1583
1240
1444
1911
1117
1802
403
2783
145
1347
2440
921
2473
2875
2394
2400
2947
45
1632
1310
2181
1764
1316
2504
1712
261
2545
776
1998
1942
1865
1847
946
1146
2698
2384
711
2985
1735
1126
2863
2465
2098
1687
816
1103
1252
710
1917
1369
611
1015
1032
1003
2627
1513
835
417
46
1930
40
1020
1321
2534
1674
1779
763
263
1908
715
415
1766
2730
1885
1086
2451
2140
622
2731
2925
320
539
131
299
2260
2068
2719
1511
934
1863
1348
2062
591
1586
2641
1471
2654
2458
2462
1728
2674
1115
3
180
509
1241
2758
1557
1620
1570
1756
732
1406
2691
2580
908
2972
1730
275
123
87
42
1211
1026
2201
984
147
285
2207
1151
1407
1365
1751
2049
2671
2107
686
2962
2021
1074
1038
1875
1696
8
322
1580
1402
943
2497
573
300
470
1425
2179
942
2785
1559
977
1554
2069
1857
1581
1561
129
1150
236
1748
2807
895
2887
620
76
1125
1713
438
1392
2616
2042
183
138
2264
1202
582
1449
0
1189
2579
379
758
2108
768
2350
336
1358
2892
1742
538
1945
480
871
2713
2309
167
2610
501
2602
2298
2617
1804
2182
2314
1323
1100
960
1111
408
522
1541
1862
1738
2632
456
1434
1771
2502
724
1259
2649
2513
1223
2607
2572
739
1235
2245
1133
681
2463
2209
535
2992
2325
679
2854
1619
2859
2343
458
1838
1182
2464
1064
182
603
2515
2759
1547
2592
2444
2676
1285
2071
1598
447
1825
926
1157
2489
80
578
399
1413
2564
2666
2024
1926
2111
92
2066
1672
576
2625
88
1980
2977
2812
2016
678
2895
2824
1159
1175
2279
505
2248
421
1456
1822
2903
82
1974
2184
2477
1435
2093
343
449
1068
20
151
1629
809
1500
2488
1379
1163
2322
2294
1018
1904
2078
2754
2714
1594
1255
60
983
365
223
1597
435
2135
200
2659
2048
2790
2235
1519
2460
723
2522
2525
952
519
1551
2796
1138
866
811
1294
1231
398
2552
1602
1655
1245
1043
1724
225
325
2734
2582
1753
406
1973
2083
2869
1373
2425
1490
1013
89
1325
1239
1144
2583
426
2559
1647
2587
595
2983
1272
297
1574
1899
2767
17
1913
475
1699
600
2160
1791
2413
442
1436
338
1137
1102
899
832
1517
2303
660
2553
2057
2215
2615
2033
2284
1216
729
1563
1962
1262
1726
2842
2081
41
2041
1850
598
2952
2897
128
1925
2405
2832
175
1491
2063
2843
564
898
2573
2577
2762
2913
1346
1486
2519
759
166
2969
2080
1053
909
65
2292
1785
2941
1400
2987
1066
553
1263
862
1880
1897
1538
1410
1351
348
2259
1987
2227
701
2124
165
888
1571
2763
2417
1782
2482
2256
2347
703
2290
2823
143
872
1639
2555
2399
2551
1465
1670
773
761
341
2803
1626
837
625
2956
1600
1498
2393
1601
1212
2686
547
2187
2690
2753
2848
54
2540
948
1421
1690
2032
1750
432
1343
2115
1641
1090
1162
1667
637
1884
827
559
2741
2374
2014
2454
116
1123
2694
2704
1306
798
781
1966
959
2630
69
90
640
2929
2200
932
920
2186
7
585
949
1669
1861
2035
2668
241
1653
1233
266
643
623
1542
333
1139
2401
1516
1418
1017
2530
2957
1952
1578
321
793
627
2802
2871
439
1396
900
626
360
1179
133
746
2046
670
848
2839
1681
1442
2614
1281
1423
2791
1556
1097
1067
941
2847
205
1762
628
2037
196
1342
791
2951
1992
635
2606
1382
975
915
1972
388
2804
1079
387
1668
1478
1290
865
2339
2404
84
2927
2310
854
894
1114
2920
1932
298
2237
316
802
418
2053
2373
2503
1656
987
572
370
1902
614
493
904
2861
2166
1460
132
2810
2852
2103
919
2557
1482
2486
1488
1264
502
2110
2934
1719
1852
1907
1893
2133
2305
555
2138
430
1964
2408
1688
887
1228
71
2247
2967
352
268
2447
986
1986
108
2858
170
21
2106
488
2171
328
1301
1931
2608
1575
698
2798
67
1638
157
424
730
1508
2949
733
1900
111
2328
13
755
1431
378
2708
2699
1763
1869
2368
615
1958
2220
667
1891
1809
194
1487
2355
243
137
2204
122
1717
2495
754
2891
738
2601
499
1181
1909
11
302
2597
841
2073
2937
1200
851
102
2670
1628
902
962
939
586
1050
2558
2162
184
4
422
747
2908
1191
2117
1512
2092
2722
1417
276
1041
124
1540
2028
1701
881
2365
2270
2966
410
2065
2841
16
2599
1089
654
1472
1912
1217
511
1049
2899
1194
1378
319
2896
542
650
1501
23
1011
2725
1201
579
332
2127
2840
1199
1691
796
1110
2679
2008
2768
1328
1166
567
814
2922
150
2381
14
2569
794
925
1176
592
482
1479
2410
1009
751
1683
2684
1055
2501
38
2943
1950
2914
1855
2817
1833
10
2143
51
756
2781
638
2687
2629
1446
204
2886
2429
537
2711
1195
1813
762
2082
1760
228
2095
431
1524
2015
2180
1332
1521
1198
74
1596
2728
1081
749
2492
2335
1172
2963
232
2889
1830
2269
1711
2605
1221
1016
1616
2205
119
1716
2102
1810
713
1765
2475
1722
2855
616
1811
2509
186
468
2512
2813
1590
639
606
469
1640
2261
1849
2064
1842
1948
334
1167
2648
652
12
33
1558
2981
1164
1937
1300
2291
2576
1877
2415
1420
634
2661
1718
2496
2707
2031
752
924
2396
2780
719
875
1886
2921
1732
2059
2912
2853
2867
1438
1196
185
2007
2491
1577
1755
1155
2900
583
846
666
428
2233
2634
1936
1481
2724
244
2079
2349
2409
1789
1025
1283
2907
657
786
2105
347
1036
1754
1564
957
549
2836
1027
1940
2168
1870
2700
516
2825
2619
401
727
492
1354
717
1104
1408
599
2086
1088
466
966
2845
1868
1451
1101
2412
1127
2770
2431
1054
1507
2406
2199
2280
2299
1220
2141
2778
995
2297
2844
2312
1976
856
1246
1803
2134
1147
2218
1008
2838
2866
329
1778
455
2524
1338
1093
2382
282
1786
1969
955
2190
2890
2009
487
2766
2993
2701
2651
427
2157
2493
2295
318
1122
1599
2537
2612
1105
994
609
2738
2636
39
281
2715
134
2888
2923
113
1903
1161
574
818
2043
227
2231
1094
2439
395
2226
1988
1044
2828
2646
1978
998
323
2688
2074
114
589
2535
1428
277
1219
262
512
566
2508
2500
216
690
2544
2705
1829
211
663
521
1957
1539
2801
2793
517
785
1385
476
2906
1468
1440
737
765
956
382
912
2054
1607
2006
569
1749
1576
601
1333
2827
2084
969
2281
2749
1275
2955
1675
1996
644
2685
467
2752
358
940
1901
534
2811
778
787
2689
1659
284
1588
2846
304
514
158
495
2585
1119
130
1745
394
1530
870
1529
2764
9
1352
286
397
2547
506
1572
1447
203
1767
22
2593
2334
2898
1355
1664
2273
2002
463
1878
414
2739
209
2814
1071
546
2249
253
688
107
1324
2868
1
2
5
6
15
18
19
24
25
26
27
28
29
30
31
32
34
35
36
37
43
44
47
48
49
50
52
53
55
56
57
58
59
61
62
63
64
66
68
70
72
73
75
77
78
79
81
83
85
86
91
93
94
95
96
97
98
99
100
101
104
105
106
109
110
112
115
117
118
120
121
125
126
127
135
136
139
140
141
142
144
146
148
149
152
153
154
155
156
159
160
161
162
163
168
171
172
173
176
177
178
179
181
187
188
190
191
192
193
195
197
198
199
201
202
206
207
208
210
212
213
214
215
217
218
219
220
221
222
224
226
229
230
231
233
234
237
238
239
240
242
245
246
247
248
249
250
251
252
254
255
256
257
258
259
260
264
265
267
269
270
271
272
273
274
278
279
280
283
287
288
289
290
291
292
293
294
295
296
301
303
305
306
307
308
309
310
312
313
315
317
324
326
327
330
331
335
337
339
340
342
344
345
346
349
350
351
353
354
355
356
357
359
361
362
363
364
366
367
368
369
371
372
373
374
375
377
380
381
383
384
385
386
389
390
391
392
393
396
400
402
404
405
407
409
411
412
413
416
419
420
423
429
433
434
436
437
440
441
443
444
445
446
448
450
451
452
454
457
459
460
461
462
464
471
472
473
474
477
478
479
481
483
484
485
489
490
491
494
496
497
498
500
503
504
507
508
510
513
515
518
520
524
525
526
527
528
529
530
531
532
533
536
540
541
543
544
545
548
550
551
552
554
556
557
558
560
561
562
563
565
568
570
571
575
577
580
581
584
587
588
590
593
596
597
602
604
605
607
608
610
612
613
617
618
619
621
624
629
630
631
632
633
636
641
642
645
646
647
649
651
653
655
656
658
659
661
662
664
665
668
669
671
672
673
674
675
676
677
680
682
683
684
685
687
689
691
692
693
694
695
696
697
700
702
704
705
706
707
708
709
712
714
716
718
720
721
722
725
726
728
731
734
735
740
741
744
745
748
750
753
757
760
764
766
767
769
770
771
772
774
775
777
779
780
782
783
784
788
789
790
792
795
797
799
800
801
803
804
805
806
807
808
810
812
813
815
817
819
820
821
822
823
824
825
826
828
829
830
831
833
836
838
839
842
843
844
845
847
849
850
852
853
855
857
858
859
860
863
864
868
869
873
874
876
878
879
880
882
883
884
885
886
889
890
891
892
893
896
897
903
905
910
911
913
914
916
917
922
923
927
928
929
930
931
933
935
936
937
938
944
945
947
950
951
953
954
958
961
963
964
965
967
968
970
971
972
973
976
978
979
980
981
982
985
988
989
990
991
992
993
996
997
999
1000
1001
1002
1005
1007
1010
1012
1014
1019
1021
1022
1023
1024
1028
1029
1030
1031
1033
1034
1035
1037
1039
1040
1042
1045
1046
1047
1048
1051
1052
1056
1057
1058
1059
1060
1061
1062
1063
1065
1070
1072
1073
1075
1076
1077
1078
1080
1082
1083
1084
1085
1087
1091
1092
1095
1096
1098
1106
1107
1108
1109
1112
1113
1116
1118
1120
1121
1124
1128
1129
1130
1131
1132
1134
1136
1140
1141
1142
1143
1145
1148
1149
1153
1154
1158
1160
1165
1168
1169
1170
1171
1173
1174
1177
1178
1180
1183
1184
1185
1186
1187
1188
1190
1192
1193
1197
1203
1204
1205
1206
1207
1208
1209
1210
1213
1214
1215
1218
1222
1224
1225
1226
1227
1229
1230
1232
1234
1236
1237
1238
1242
1243
1244
1247
1248
1249
1250
1251
1253
1254
1256
1257
1258
1260
1261
1265
1266
1267
1268
1269
1271
1273
1274
1276
1277
1278
1279
1280
1282
1284
1286
1287
1288
1289
1291
1292
1293
1295
1296
1297
1298
1299
1302
1303
1304
1305
1307
1308
1311
1312
1313
1314
1315
1317
1318
1319
1320
1322
1327
1329
1330
1331
1334
1335
1336
1337
1339
1340
1341
1344
1345
1349
1350
1353
1356
1357
1359
1360
1361
1362
1363
1364
1366
1367
1368
1370
1371
1372
1374
1375
1376
1377
1380
1381
1383
1384
1386
1387
1388
1389
1391
1393
1394
1395
1397
1398
1399
1401
1403
1404
1405
1409
1411
1412
1414
1415
1416
1419
1422
1424
1426
1427
1429
1430
1432
1433
1437
1439
1441
1445
1448
1450
1452
1453
1454
1455
1458
1459
1462
1463
1464
1466
1467
1469
1470
1474
1475
1476
1477
1480
1483
1484
1485
1489
1492
1493
1494
1495
1496
1497
1499
1502
1503
1504
1505
1506
1509
1510
1514
1515
1518
1520
1522
1523
1525
1526
1527
1528
1531
1532
1533
1534
1535
1536
1537
1543
1544
1545
1546
1548
1549
1550
1552
1553
1555
1560
1562
1565
1566
1567
1568
1573
1579
1582
1584
1585
1587
1589
1591
1593
1595
1603
1604
1605
1606
1608
1609
1610
1611
1612
1613
1614
1615
1617
1618
1621
1622
1623
1624
1625
1627
1630
1631
1633
1634
1635
1636
1637
1642
1643
1644
1645
1646
1648
1649
1650
1651
1654
1657
1658
1660
1661
1662
1663
1665
1666
1671
1673
1676
1678
1679
1680
1684
1685
1686
1689
1692
1693
1694
1695
1697
1698
1700
1702
1703
1704
1705
1706
1707
1708
1709
1710
1715
1720
1721
1723
1725
1727
1729
1731
1733
1736
1737
1739
1740
1741
1743
1744
1746
1747
1752
1757
1758
1759
1761
1768
1769
1770
1772
1773
1774
1775
1780
1781
1783
1787
1790
1793
1794
1795
1796
1797
1798
1800
1801
1805
1806
1807
1808
1812
1814
1815
1816
1817
1818
1819
1820
1821
1823
1824
1826
1827
1828
1832
1834
1835
1836
1837
1839
1840
1841
1843
1844
1845
1846
1848
1851
1853
1856
1858
1859
1860
1864
1866
1867
1871
1872
1873
1874
1876
1879
1881
1882
1883
1887
1888
1889
1890
1892
1894
1895
1898
1905
1906
1910
1914
1915
1916
1918
1919
1920
1921
1922
1924
1927
1928
1929
1933
1934
1935
1938
1941
1943
1944
1946
1947
1949
1951
1953
1954
1955
1956
1959
1960
1961
1968
1971
1975
1977
1979
1981
1982
1983
1984
1985
1989
1990
1991
1993
1994
1995
1997
1999
2000
2001
2003
2004
2005
2010
2012
2013
2017
2018
2019
2020
2023
2025
2026
2027
2029
2030
2036
2038
2039
2040
2044
2045
2050
2051
2052
2055
2056
2060
2061
2067
2070
2072
2075
2077
2085
2087
2088
2089
2090
2091
2094
2096
2097
2099
2100
2101
2104
2109
2112
2113
2114
2116
2118
2119
2120
2121
2122
2125
2126
2128
2129
2130
2131
2132
2136
2137
2139
2142
2145
2146
2147
2148
2149
2150
2151
2152
2153
2154
2155
2156
2158
2159
2161
2163
2164
2167
2169
2170
2172
2173
2174
2175
2176
2177
2178
2183
2185
2188
2189
2191
2192
2193
2194
2195
2197
2198
2203
2206
2208
2210
2211
2212
2213
2214
2216
2217
2219
2221
2222
2223
2224
2225
2228
2229
2230
2232
2234
2236
2238
2239
2240
2241
2242
2243
2244
2246
2250
2251
2252
2253
2254
2255
2257
2258
2262
2263
2265
2266
2267
2268
2271
2272
2274
2275
2276
2277
2278
2282
2283
2285
2286
2287
2288
2289
2293
2300
2301
2302
2304
2306
2307
2308
2311
2313
2315
2316
2317
2318
2319
2320
2321
2323
2324
2326
2327
2329
2330
2331
2332
2336
2337
2338
2340
2341
2342
2344
2345
2346
2348
2351
2352
2353
2354
2356
2358
2359
2360
2361
2363
2364
2366
2367
2369
2370
2371
2375
2376
2377
2378
2379
2380
2383
2385
2386
2387
2388
2389
2390
2391
2392
2395
2397
2398
2402
2403
2407
2411
2414
2416
2418
2419
2420
2421
2422
2423
2424
2427
2430
2432
2433
2434
2435
2436
2437
2438
2441
2442
2443
2445
2446
2448
2449
2450
2452
2453
2456
2457
2459
2461
2466
2467
2468
2469
2470
2471
2472
2476
2478
2479
2481
2483
2484
2485
2487
2490
2494
2498
2499
2505
2506
2507
2510
2511
2514
2516
2517
2518
2520
2521
2523
2526
2527
2528
2529
2531
2532
2533
2536
2538
2539
2541
2542
2546
2548
2549
2550
2554
2556
2560
2561
2562
2563
2565
2566
2567
2568
2570
2571
2574
2575
2578
2581
2584
2586
2588
2589
2590
2591
2594
2595
2596
2598
2600
2603
2604
2609
2611
2613
2618
2620
2621
2622
2623
2624
2626
2628
2631
2633
2637
2638
2639
2640
2642
2643
2644
2645
2647
2650
2652
2653
2655
2656
2657
2658
2660
2662
2663
2664
2665
2667
2669
2672
2673
2675
2678
2680
2682
2683
2692
2693
2695
2696
2697
2702
2703
2706
2709
2710
2712
2716
2718
2720
2721
2723
2726
2727
2729
2732
2733
2735
2736
2737
2740
2743
2744
2746
2747
2748
2750
2751
2755
2756
2757
2760
2761
2765
2769
2771
2772
2773
2774
2775
2776
2777
2782
2784
2786
2787
2788
2789
2792
2794
2795
2797
2799
2800
2805
2806
2808
2809
2815
2816
2818
2821
2822
2826
2829
2830
2831
2833
2834
2835
2837
2849
2850
2851
2856
2857
2860
2862
2864
2865
2870
2872
2873
2874
2877
2878
2879
2880
2881
2882
2884
2885
2893
2901
2902
2904
2905
2909
2911
2916
2917
2918
2919
2924
2926
2928
2930
2931
2933
2935
2936
2938
2939
2940
2942
2944
2945
2946
2948
2953
2954
2958
2959
2960
2961
2965
2968
2970
2971
2973
2974
2975
2976
2978
2979
2982
2984
2986
2988
2989
2991
2994
2995
2996
2998
2999
